city,m,a,he,s,g,ec
m,1,29,20,21,16,31
a,29,1,15,29,28,40
he,20,15,1,15,14,25
s,21,29,15,1,4,12
g,16,28,14,4,1,16
ec,31,40,25,12,16,1
